111111100010010001001000100100000010
011100010001001000100100010001110001
010110010000001000000100000011111002
111110000010000110100000010000010003
000100000000000000000000000100000004
100100010101011010100101110001001005
011100010001001000100100010010001106
011100010001001000100110010001111007
011110000010000000100000010000010008
011100010101001010100101000000110009
0000000000000000000000000000000000010
0111000100010010001000101000111110011
1111100000010000001000001100101100012
0111000100001010001000101000111111113
0000010000000000000000010000000000014
1001010101010010101001010100010010015
0111000101010010101001010100001100016
0001100011000010000000110000000110017
0111000101010010101001010100001100018
1111100010010000001000000100111100019
0000000000010000000000000000000000020
0001111101000010100001010000011111121
0111000101010010101001010110001100022
0110000100010010001000101000111110023
1111100000100000001000000100000100024
1001000111010010101001010100010010025
0000000001000100000000000000000000026
0111010100010011001000101000111110027
0001010101000110100111001010011111128
1110000100010010001001000100011100029
0000000001000000000000000000000000030
0110000100010010001011000100011100031
0111100100000010000001000000111110032
1111100000100000001000000100000100033
0010000000000000000000000100000000034
0000000000100011111100001001000000135
0111000100010010001000101000011110036
0000000000010001111111000100000000037
1111111000100000010011001000111000038
0111000101010010101001010100001100039
1111100000100000001000000100000100040
1000000101010010101001010100010010041
0010000000000000010000000000000000042
1111111010100010001001000100011000043
1111100000100000001000000100000100044
0111001100010011001001000100011100045
0111100100000010000001000000111110046
0001110101000110100011001010011111147
1110111000100000010100001000111000048
0000000000010001111111000100000000049
0000000000000000000010000000000000050
0000000000100010111100101001000000151
0111000100010010001001000100011100052
1011100000100000001001000100000100053
0000000000010001111111000100000000054
1111111000100000000000001000111000055
0000000010000000100000000000000000056
0111000100000010001001000100111100057
1111100000010000001000000100111100058
0000000000000000000000000000000000059
0000000000000001111011000100000000060
1111111000100000010000001010111000061
0000000100100011110101000000000000062
1001000101010010101001010100010010063
0000000000000000000000000000000000064
0111000100010010001001000100100010065
0111000100010010001001000100011100066
1111100000010000001000000100111100067
0000000000010001111111000100000000068
0000000100100011110101000000000000069
1011100000010000001000000100111100070
0111000101010010101001010100001100071
1111100000010000001000000100111100072
0000000000010001011111000100000000073
0000000100000001100000000000000000074
0000000000000000000010000000000000075
0111000100010010001000101000111110076
0000000000000000001010000000000000077
1111100000011000001000000100111100078
0111000101010010101001010100001100079
0111100100000000000001010000011110080
0000000000000000000000000000000000081
1111100000011000001000000100111100082
0111000100010010001000101001111110083
0010000000010001111111000100000000084
0000000100100011110101000000000000085
1101000100010010001001000100011100086
1111100000010000001000000100101100087
0000000000000001100000000000000000088
0000000000000000000000000000000001089
0111000100010010011001000100100110090
0111000100010010001000001100011100091
1111100000010100001000000100111100092
0111000110010010001001000101100010093
0111000101010010101001010100001100094
0000000100100011110111000100000000095
0101100011000010000000110000000110096
0111000101010010101001010100001100097
0111000100010010001000101000111111198
1000000000000000000000000000000000199
00000001001000111100010000000000000100
11111000000100000010000001001111000101
00000000000000000000001000000000000102
11111111000000100000010000001000000103
00000001001000111001010000000000000104
11111110101000100010010001000111000105
01110001110100101010000101000011000106
11111000001000000010000001000001000107
00000000000100011111010001000000000108
00011111010000101000010100000111111109
00000001000000011000010000000001000110
00000000000000000000000000000000000111
01110001000100100010001010001111100112
11111000000100000010000001001111000113
01110001000100100010001010001111111114
00000000000000000000100000000000000115
01110001000100100010001010001111111116
01110001010100101010010101000011000117
01110001000110100010101010001111111118
00000001101000111101010100000000000119
01110001000100100010010001001000100120
01110001000100100010001010000111100121
00000000001100011111110001000000000122
01110001010100101010010101001011000123
01110001000100100010001010001101111124
00000000010000000000010000000000000125
00001000000100011111110001000100000126
01010001000100100010010001100111000127
00000000000000000000000001000000000128
00000000000100011111110001000000000129
11111110000000000100000010001110000130
01110001010100101010010101000011000131
00000000000000000000000000000000000132
11011110001010000000100100010001110133
11111000001000000010100001001001000134
01110001100100100010110001000111000135
11111110001010001000100100010001110136
01110001000100100010010001000111000137
10010000010100101010010101000000100138
00001011001000111101010000000000000139
00000000000100011111110001000000000140
00000001001000111101010010000000000141
01111001000100100010010001000111010142
11111000000100000010000001001111000143
00000000000000000000000000000000000144
00000000000100011110110001001000000145
11111110001000000100000010001110000146
00110001000100100010001010001111000147
00000000000100011101110001000000000148
00000000000000000000000000000000000149
01010001000000100010001010001111100150
00000000000000111011100000000000000151
00000000000000111111100000000000000152
00000000000000000000000000000001000153
11111000000100111100000001001101000154
01110001000100101010010101000011000155
11111000000100010010000001001110000156
00000000000000010000000000000000000157
01110001000100100010001010001111100158
11111000001000000010000001000001000159
01110001010100101010010101000111000160
00000000000000000000000000000000000161
01110001000100100010010001001000100162
11111000001000000110000001000001000163
01110001010000101010010101001011000164
01110001000100100010001010001111100165
00000000000100111111110001000000000166
01110001010100101010010101000011000167
01110001000100100010001010001111111168
00000000000000000000000000000000000169
01110001010100101010010101000011000170
00011100010001011000000010101111111171
01111001000000100000010000001111110172
01110001000101100010001010101111100173
00000000000000111111100101000000000174
00000000000000100000000000000000000175
00000000000000000000000000000000000176
00000000000000000000000000000000000177
11111110000100000010000100001111111178
01110001000110100010010001010111000179
01111011000000010000010100000111100180
00000000000000000000100000000000000181
01111101000000010000010000000111100182
01110001011100101010010101000011000183
10000000000000000000000000000000100184
01110000000100100010001010001111100185
11111000001000000010000001000001000186
01110001010100101010010101000011001187
00000000000100000000000000000000000188
01110001010100101010010101001011000189
11011000000100000010000001001111100190
00011101010001101100110010100111111191
01110001000100101010001010001111100192
01011101010001101000110010100111111193
01110001010100101010011101000011000194
01110001110100100010001010001111111195
00000000000000000001000000000000010196
00000011001000110101010000000000000197
11111000001100000010000001001111000198
00000000000000000000010000000000000199
01110001000000100010001000001111100200
00001000000000000000000000000001000201
00011101010001101000110010100111111202
11111000001000010010000001000001000203
01110001010101101010000101000011000204
01110001010100100110001010001111100205
00000000000100011011110001000000000206
10000000010000000000000000000000000207
00110001000100100011010001001000100208
00000001001000111101010000000000000209
00011000110100100000001100000001100210
00000001001000111101010000000000000211
00000000000000111110100000000000000212
00000000000000000000000000000000000213
01111001000000010000010000000111100214
01110001000100100000001010001111100215
11111000001001000010000001000001000216
00000001000000011000010000000000100217
00000000000000000000000000000000000218
00000000000110011111110001000000000219
11110001010100101010010101000011000220
10010000010100001010010101000100100221
00100000100100011111110001000000000222
00000001001000111101010000000000000223
11111000000100000010100001001111100224
00001101000001101000110010100111111225
00000000000000000000000000000000000226
01011001000000010000010000000111100227
11111110001001000100000010001110000228
01110001010100101010000101000011000229
00000000010100011110110001000000000230
11111010001000000100000010001110000231
01110001010100101010010101000011000232
11111000001000000010000001000001010233
00000000000000000000000000000000000234
00000000000100011111110001000000000235
10111110001001000100000010001110000236
01110001000100110010001010001111100237
00000000000100011111110001000000000238
00000000000000000000000000000000001239
11110000000100001010000001001111000240
01110001000100100010001010001111100241
00000000000100011111100001000000000242
00000101001000111101010000000000000243
01110001000100100010110001000111000244
11011000000100000010001001001111000245
00000001000000011000000000000000000246
00000000000000000000000000000000100247
01110001000100110010010001000111000248
11111000001000000010000001000001000249
00000000000000000000000000000000000250
01110001001100100010001010001111100251
11111010000100000010000001101111000252
00011111010000101000110100000110111253
00000000000000000000000000000000000254
11110000000100000010000001001111000255
01110001010100100010001010001111100256
00000000000100111111110000000000000257
00000001001000111101011000000000000258
01110001000100100010010001000111000259
11111000000110000011000001001111000260
00000000000000000000000000000000000261
10010001010100101010010101000100100262
01110001000100100010010001000111000263
00000000000000000000000000000000000264
01110001000100100010010101001000100265
01110001000100100010010001000111000266
11111000000100000010000001001111001267
01110001000100100010010001001000100268
01110001010100101010010101000111000269
00000001001000111101010000000010000270
01011000110000100000001100000001101271
01110001010100101010010101000011000272
01110001000100100010011010001111110273
00000000000000000000000000100000000274
01110001000100100010001010001111100275
11111000010100000010000001001111000276
01110001000000110010001010001111111277
01000000000000000000000000000010000278
10010001010010101010010101000100100279
01110001000100100010010011000111010280
00000000000000100000000000000010000281
01111001000100110010001010001111111282
01110001010100101010010101000011010283
01110001000100100010001010001111111284
00010001000000111101010000000000000285
01110001000100110010010001001000100286
01110001000100100010001010001111100287
00010000000100011111110001000000000288
00110001000100101010010101000011000289
01110001000100110010001010001111111290
00000001000000011000000000000000000291
00000000000000000000000000001000000292
01110001000100100010010001001000100293
01110001000100100010001010001111100294
11101001000100000010000001001111000295
00000000000000000000000000000000000296
00000000000000111111101000010000000297
01110001000100100010010001000111000298
11111000000100000010100001001111000299
00011101010001101000110110100111111300
00000000000010001000000000000000000301
01110001010100101010010101000011100302
11111000000100000010000001001111000303
01110001000100100010001010001111111304
01111001000000100000010000001111000305
11111000001000000010000001000001000306
01110001010100101010010101000011001307
00000000000000100000000000000000000308
00000000000000000000000000000000000309
11111110100000001100011000001111111310
01110001000100101010010101000011000311
00000000000000000000000000000000000312
01110001000100100010001010001111100313
11111000001000001010000001000001000314
01110001010100101010000101000011100315
00000000000000000000000000000000000316
11111000000100111100000001001110000317
01110001010100101010010101000011000318
00110000000100011111110001000000000319
00000100000000000001000000000000000320
01110001000100100010000001000011000321
11111000000100000010010001011111000322
00000000000000000000000000000000000323
01110001000100100010001010001111100324
00000000000000000100001000000000000325
00011101010001101000110010100011011326
11111000001000000010000001000001000327
01110001010100101010010101001011001328
00110001000100100010000010001111100329
00000000000100011111110001000000000330
00000000000000000000000000000000000331
11111110101000100010010001000111000332
01110001000100100010001010001111100333
01000000000100011111110001100000000334
00000000000100011111110001000000000335
00000000000000111111100000000000000336
01110001010100101010010101000011000337
00010000101000000101000010000001000338
00000000001010111111000010010000001339
00000001001000111101010000000000000340
01010001010000101010010101000011000341
00000000000000111111100000000000000342
01110001010100100010001010011111111343
00000000000000000000000000000000000344
01110001010100100010010011000111000345
00000000001000011111000110010000001346
00000000000000000000000000000000000347
00000000000101011111110001010000000348
11111110001000000000000010001110000349
01110001000100100011001010000111100350
00000000000100011111110001000000000351
00000000010000000000000000000010000352
01111000000000010000010000000111101353
01110001000100100010001010001111100354
11111010001000000010000011000001000355
00000000000000100000000000000000000356
00000000000000000000000000000000000357
11111110100000001100001000001111111358
00010001010100101010010101000011000359
00000000000000000000000100000000000360
11111110001000000100000010001110000361
01110001100100100010001010001111000362
00011000110000100000001100000001100363
01110001010100101010010101000011000364
00000000000000000000000000000100100365
01110001000100110010010001001000100366
01110011000100100010010001000011000367
11111100000100111100000001001111000368
01110001010100101010010101000011000369
00000000010000000000000000000000000370
00000000000100011111110001000000000371
01110001000100100010010001001111000372
00000000000000000001000000000100000373
01110001000100100010001010001101111374
01110001000100101010010001000011000375
01110001010100100010000010001111111376
00000001000000111101010000100000000377
01110001000100100010010001001000100378
01110001000100100010001010001101100379
00000000000100011111110001000000000380
01110001010100101010010101000001000381
00001000000000000000000000000000001382
01111001000100100000001010001111100383
00000000100000000000000000000000000384
11111110001010001000100100010001010385
01110001000100100110010001000111000386
11111100011000000010000001000001000387
00000001000100011111110001000000000388
00000001001000111101010100000000001389
01110001000100100010010001000111000390
11111000000100000010000001001111000391
00000000000000000000000000000000000392
01111001000100101010010001000111000393
00000000101100111111000010010000001394
00000000000000000000000000000000000395
00000000000100011111110001000000000396
11111110001000000100000010001110000397
01110001000100100010001010011111100398
00000000000100011101110001000000010399
00000000000000000000000000000000000400
00000100001000111011000010010000001401
10000001001000111101010000000000000402
01110000010100101010010101100011000403
00000000000000111111100000000000000404
01110001000100100010001010001111111405
00000001000000011000001000000000000406
00000000000000000000000000000000000407
01110001000100100110001010001111100408
10010001011100001010010101000100100409
00000000000000000000010000000000000410
01110001000100110010000010001111100411
00100000000000000000000000000010000412
00000000001100111111000010010000001413
00000011001000111101110000000000000414
11111000000100000010000001001111100415
01110001000000100010001010001111101416
00000000000000111111100000000000000417
10000000000000000000100000000000000418
11101000001000000010000001000001000419
01110001010100101010010101000011100420
10010001010100101010010101000110000421
00000000000100011111110001000000001422
10000001001000111101010000000000000423
10111001000100000010000001001111000424
00011101010001101000110010100111111425
00000000000000000000000000000010000426
11111110001010001000100100010001110427
00000000000000111111100000000000000428
01110001000100100010001010001111100429
01110001000100100010010001001000100430
01110001010100101010010101000011000431
00000000000000000000000000000000000432
00000000001100111111100010010000001433
01110001000100100010010101000111000434
11111000000000000010001001000001000435
00000000000000000000000000000000000436
00000000000100011111110001000000000437
11111110001000000100000000001110000438
01110001000100100010010001000111000439
10010001010100101010010101000100100440
01110001110100101010110101000011000441
00000000000000000000000000000000000442
01111001000000010000010000000111110443
11111110000100000100000010001110000444
01110001000100100010010001000111000445
00000000000000000000000000000000000446
11111110001000100100000110001110000447
01110001010110101010010101000011000448
11111000001000000010000001000001000449
01110001010101101010010101000011010450
00000000000000000000000000000000000451
00001101010001101000110010100111110452
01010001000100100010001110001111100453
00011100110001100000001100000001100454
01110001110100111010010101000011000455
00000000000010000000100000000000000456
00000000000100011111111001000000000457
11111110001000000100000110001110000458
01110001010100101010010101000011000459
00000001001000101101000000000000000460
11111000001000000010000001000001000461
00000000000000000000000000000000000462
00000000000000101111100000000000000463
00000001001000111101010000000000000464
00011000110000100010001100000001100465
01110001010100101010010101000011000466
10010001010100101010010101000100100467
00100010000000000000000000000000000468
00000000000100011111110001000000000469
11111110001000000100000010001110000470
00110001000100100010001010001111100471
00000000000100011111110001000000000472
00000100000000000000000000000000000473
00000000000100011111110001000000000474
11111110001000000100000010001110000475
01110001000100100010001010001111100476
00000000000100011111110001000101000477
00000100000000000000000000000100000478
11111000000000000010000001001111000479
01110001000100100010001010001111100480
00000000100100011111110001010000000481
01000001001000111101010000000010000482
01110001000100100010010001000111000483
11111000000100000010000001001101000484
00000000000000000000000001000000010485
11111000000100011100000001001110000486
00000001001000111101010000000000000487
00011101010001101000110010100111111488
11111110001000000100000010001110000489
00000000000100011111010001000000000490
00000000000000010000000000000000000491
00000000000000011111100000000000000492
00000001011000111101010000000000000493
00011000110000100100001100000001100494
01110001010110101010010101000011010495
00000000001000100000100000000000000496
00000000000000000000000000000000000497
00010001000001111110110000010000000498
00000000000100011111110001000000001499
00000000000000100000000000010000000500
00000001001000101101010000000000000501
10010001010100101000010101000100100502
00000000000000000100000000000001000503
01110001000100100010001011000111100504
00000000000100111101100000000000000505
00000000000100011111110001000000000506
01110001000000101010010001000111000507
00011101010001101000110010100111111508
01110001010100101010010101000011000509
00000000000100011111110001000000000510
11111110001000000100000010001110000511
01110001010100101010010101000011000512
11111000001001000010000001001001000513
00100000000000000000000010000000000514
00000000001000111111000010010000001515
00000001001000111101010000000000000516
00000000000100011111110001000001000517
00000001000100111111110001000000000518
00000001001000111101010000000000000519
11110001000100000010000001001111000520
00011101010001101000110010100111111521
01000000000000000000000000000000001522
01110001000100110010001010001111000523
11111100000100000010000001001111000524
01110001000100100010001010000011111525
00000000000000000000010000000000000526
11111110001010001000100100110001110527
11111000001000000010000001010001000528
01110001000100100010010001000111000529
11111110001010001000100000010001110530
01110001010100101010110101000011000531
11111000001000000010000101000001100532
10000000000000000000000000000000000533
00100000000100011111110001000000010534
11111110101000000100000010001110000535
01110001000100100010001010000101100536
00000000000100011111110001000000000537
00000000000000000000000101000000000538
01111000000000010000010000000111100539
01100001010100001010010101000011000540
00000000000000100000000000000010000541
10010001010100101110010101000100100542
11111110001000000100000010001110000543
01110001000100101010011001000111000544
01111001000000100000010000001111100545
00000010000000111111100000000000000546
01110001000100100010001010001111111547
00000001000000000000000000000000100548
01110001000100100010001010001111011549
01110001000100100010010011001111000550
00000000000000000000000000000000000551
00000000000100011111110001000000000552
11111110011000000110000010001110000553
01000001001000111101010000000000000554
10010001010100101010010101000100100555
00000000000000000000000000000000000556
00010000000001000000000000000000000557
00000000000000000000000000000000000558
11111111001001100100100000010110110559
01111001000000100000010000001111110560
00000000000100011111110000000000000561
00000001000000011000000000100000000562
00000000100000000000000000000000001563
00000000001000111101010000000000000564
11111000000100000010000011001111000565
00000000000001010000000000000000000566
11110001000100100000001010001111100567
00001000000000000000000000000000000568
00000000000000111111100000010000000569
01110001010100100010001010001110100570
11111000101000000010000001000001000571
00011101010001101000100010100011111572
01110001010100101010010101000011000573
11111100001000000000000001000001000574
00000000000000000000000000000000000575
10010001010100101010010101000100100576
01110001010000111010010101000011000577
10111000000100000010000001001011000578
10010001010100101010010101000100100579
01110001010100101010010101000010000580
00000001000001011100000000000000000581
00000000000000000000000000000000000582
01011001000000010000010000000110100583
01110001010110101010010101000011000584
00000000000000000000001000000000000585
01110001000100100010010001101000100586
01110001000100100010001010001111100587
10111000000100000010000001001111000588
00000000000000000000000000000000000589
11111000000000000010000001001111000590
01110001000100100010010001000111000591
00000000010100011111110001000100000592
00000000000000000000000000000000000593
01110001000101100010001010001110111594
01110001010100101010010101000011000595
01110001000100101010001000001111111596
00000001001000111101010000000000000597
01110001000110000010010001001000100598
01110001000100100010001010001111100599
00000000000100011111110001000000000600
01100001010100101010011101000011000601
00000000000000000000000000000000000602
00010000001000000100000010000001000603
00010000101000010100000010000001000604
00010000000000100000000000000000000605
01111001000000010000010000000111100606
01110001010100101010010101000011000607
00000000000010000000000000000000000608
01110001000100100010010001001000100609
01110001000100100010001110001111100610
11111000000100000010000001001111000611
00000000000000000000000000001000000612
11111000000100000010000001001111000613
01110001000101100010010001000111000614
00000000000100011111110001000000000615
00000010000000000000000000001000000616
01110001000100100110010001001000100617
01110011000100100010010001000111001618
11111000010110000010000001001111000619
10010001010100101010010101000100100620
01100001010100101010010101000011010621
01110000000100100010010101001000100622
11111000001000000010000001000001000623
01110001000100100010001010011111100624
00000000000100011111110001000000000625
01110101010100101010000101000011000626
00000000000000000100100000000000000627
00011000001000000000000010000001000628
00010000001000000100000010000001000629
00000100000000000000000000000000000630
01111001000000010000010000000111100631
11110001010100101010010001000011000632
00000010000001000000000000000000000633
01110001000100100010010001001000100634
01110001000100100010001010001111110635
11111000000100000010000001001111000636
00000000000000000000000000010000001637
11111000000100000010000001001111000638
01110001000100100010010001000111000639
00000000000100011111110001000000000640
00000000000000000000000000000000000641
11111110001000000100001010001110000642
01110001100100100010000010001111100643
00000000000000111111110000000100000644
00000000000000111111100000000000000645
01110001000100100010000001000111000646
01111001000001010000010000000111101647
00000000000000000000000000000000000648
00010000001000000100000010000001000649
00010000000000000100000010000001001650
00000000000010000010000000000000000651
00000000000100011111110001000000000652
11111110001000000100000010001010000653
00000001001000111101010000000000001654
10010001010110111010010101000100100655
00000000000000000000000100000000000656
00011101010001101000110010100111111657
11111000001000000010000001000101000658
01110001000100100010110001000011000659
01111000000000110000010000001111100660
11111000000100000010000001001111000661
01110001000100100010001010001111111662
01000000000000100010000000000000000663
00001000000000000000000010000000000664
00000010000000111111100000010000001665
11111110001000000100000010001110000666
01110001010100101010010101000011000667
00000000000000000000100000000000000668
11111110101000100010010001000111000669
11111000001000000010000001000001000670
01110001000100100010001010001111100671
00111010110000100000001100000001100672
01110001010100101110010101000011010673
00000000000000000000000000000010000674
11111000000100111100000001001101000675
01110001010100101010010100000011000676
11111000000100000010000001001111000677
00000001000100010000000000000000000678
00010000000000000000000000000000000679
00000000000000111111100000000010000680
00000001001000101101010000000000000681
00001000110000100000001100000001100682
00000001001000111100010000000000000683
11111000000100000010000001001111000684
00011101010001101000110010100111111685
00100000000000000000000000000000000686
01110101000100100010001010001111100687
11111000000100000010001001101111000688
01100001100100100010001010001111111689
00000000000000000000001000000000000690
01110001100100100010001010001101111691
01110001010100101010110101000011000692
01010001000100100010001010001111100693
01110001000100100010001010001111111694
00000000000000011000000000100000000695
00000000000000000000000000000000000696
01111001000000010000010000000111100697
11111110001000000100000010001110000698
01110101000100100010010001000111000699
00000000000000000000000000100000000700
10010001010100101010010111000100000701
00000000000100011111110000000000000702
11111000001000000010000011000001000703
01111001000000100000010000001111100704
00011101010001101000110010100111111705
00011101010001101000110010100111111706
00000000000000111111100000000000010707
01110001000100101010010101001011000708
01010001000100100010001010001111101709
00000000000000000000000000000000000710
11111110001000000100000110001110000711
01110001010100101010110101000011000712
11111000001000000010000001000001000713
01110000010100101010010101000011000714
00000001000000011000000000000000100715
00000000000000000000000000000000000716
11111100001000000100000010001110000717
01110000000100100010001010001111100718
00011000110000100100001100010001100719
01110001010100001010010101000011000720
00000000000000000100000000000001000721
01110001000100100010010001001000100722
01110001000100000010010001100111000723
11111000100100000010000011001111000724
10010001010100001000010101000100100725
01110001010100101010010101000011000726
01110001000100100010010001001000100727
01111000001000000010000001000001000728
01110001000100100010011010001111100729
00000000000100011111110001000000000730
01110001010100101010010101000011000731
01110001000100100110001010001111111732
00000000000000000000001000000000000733
00100001001000111101010000000000001734
00000000000100011111110001000000000735
00000001000000011000001000000000000736
00000000000000000000000000000000001737
00000000001000111111000010010000001738
01110001000100100010001010001101100739
11011000001000000010010001000001000740
00000000000000010000000000000000000741
01110001010100100010001010001111100742
11111110101000100010010001000111000743
01110001000100100010010001000111000744
00111000110010100000001100000001100745
01110101010100101010010101000011000746
10000000000000000000000000000000000747
01110001000100100010010001000111000748
01111001000000100000010000001111100749
11111000001000000010000001000001000750
00010000000000000000000000000000000751
11111110001010001000100100010001110752
01110001000100100010010001000111000753
01110001000100100010010001000111000754
11111000001000001010000001000001000755
00001000000000000000010000000000000756
11111010001010001000100100010101110757
00110001000100100010010001000111000758
00111001000000010000010000000101100759
01110011010100101010010101000011000760
11111000001010000010000001000001001761
00000010000000000000000000000001000762
00001000000000011111110001000000000763
01110001000100100010010001000111000764
00000000000000000000000000000000000765
01110001000100100010001010001111100766
01110001000100100010001010001111111767
01110001000100100010001010001101111768
00000000000000000000000000000000000769
01110001000100100010010001000111000770
11111000001000000010010001000001000771
00000000000000000110000000000000000772
01110001000100101010001010001111110773
01110001000100100010010101000011000774
00000000000100011111110001000000000775
11111000001100000010000001000101000776
01110001000100100110001010001111100777
01110001000100100010010001001000100778
00000000000100011110110001000000000779
00000100000000100100000000000000000780
00000000010000000000000000000000000781
00000010000001111111100000010000001782
11111110001000000100000010001110000783
01110001010100101010010101000011000784
00000000000100000000000000000000000785
01111001000000010000010000000011100786
01110001000100100010110001000111000787
11111000001000000010000001100011000788
00000000000000111111100000000000000789
01110001000000100010001010001111111790
00000000000000000000001000000000010791
01111001000000010000110000000111100792
00000001001000111101110000100000000793
00000000000000111111100000000000000794
00000000000000111111110001000000000795
00000000000000000000000000000000100796
00000000000000111111100000000000000797
10000001001000111111010000000000000798
00000000000100011111110001000000000799
00000000000110011110110001000000000800
00000000000000111111100000000000100801
01110001010100101010010101010011010802
00000000000000000000000000000000000803
01111010000100000010000001001111000804
01110001000100100000110001000111000805
00000000000100011111110001000000010806
01110001010100101010010001000011000807
00000001000000011010000100000000000808
00000000000000000000000000000010000809
11111000000100000010000001011111000810
01110001000100100010010101000101000811
11111000001010000010000011000001000812
00000000000000000000000000000000000813
00000000000000111111100000000000000814
01110001000110100010010001010111000815
11111000000100000010000001001111000816
00011101010011101000110010110111111817
00000000000010000000000001000000000818
11111000001000000010000001000001001819
01110001010100101110010101000011000820
11111000000000111100000001001111000821
01110001010110101010010101000011000822
11111000000100111110000001001111000823
11111110101000100010010101000111100824
01110001010100101010010101000011000825
11011000001000000010000001000001000826
00000000000000000000000000000000000827
01111001000000010010010000000111000828
11111110001010000100000010001110000829
01000001000100100010001010001111100830
00000000000100011111110001000000000831
10000000000000000000001000000000000832
01111001000000010000010000000111100833
01110001010100101010010111001011000834
00000000000000000000001000000000000835
10010001010100101010010101010100101836
01110001000100100010001010001111100837
00011111010000101001010100000110111838
00000000000000000000000000000000010839
11111110000000000100000010001110010840
01110001010101101010010101000011000841
11111000001000000010000001000001000842
01110001010100101010000101000011000843
00000001000000011000000000000000000844
00000000000000000000000000000000000845
11111110101000100010010001000111000846
01111001000000100000010000001111000847
00000000000100011111110001000000000848
00000000000000000000000000000000000849
00000001001000111111010010000000000850
00000000000100011111010001000000000851
00000000000000000000000010010000000852
01110001000100100010010001001000100853
01110001100100100010001010001111110854
11111000100100000010000000001111000855
00100000000000000100000000000000000856
10111000100100000010000001001111000857
01110001010100101010010101000011000858
00011000110000100000001100000001100859
01110001010101101010010101000011000860
11111000001000000110000001000001000861
00000000000000000000000000000000000862
00000000001010111111000010010000001863
01110001000100100010010001000111000864
01111000001000000010000001000001000865
00011101110001101000110010100111111866
00110001110100101010010101000011000867
00001000000100011111110001000000000868
00000000000000000000000000000000000869
01111001000000110000010001000111100870
11111110101000000100000010001110000871
01110001000100100010001010001111100872
00000000000100011101110011000000000873
00000000000000000000000010010000000874
00000000010100011111110001010000000875
11111110001010000100000010001110000876
01110000010100101010010101000111000877
00011111010000101000010100000111111878
10000000000000000000000000000000000879
01110001000100100010001010001111111880
00000001011000111101010000000000000881
01110001010100100011001010001111111882
00000000100000000000000010000000000883
11111110001000000100010010001110001884
01110001010101101010010101000011000885
11111000001000000010000001000001000886
01110001010101101010010101000011001887
10000000000000100000001000000000000888
00000000000000000000000000000000000889
00000001000001011111110000011000000890
00000000100100011111110001000000000891
00000000000000100000000000000000000892
00000001001001111101010000000000000893
10010001010100101110010101000100100894
00000000000000000000000000000000000895
00000000001000111111000010010000001896
01110001000100100010010001000111000897
10111000001000000010000001000001000898
10000000000000000000000000000000010899
01111001000000100000010000001111101900
10010001010100101010010101000100100901
00000000000000000010010000000000000902
00000000000100011111100001000100000903
11111110001000000110100010001110000904
00110001010100101010010101000011010905
00000000000000000000000000000000000906
00000000000000111111100000000000000907
00000001001100111101010010000000000908
00011000110000100000001100000001100909
00000001001000101101010000010000000910
11111000000100000010000001001111000911
00011111010001101000110010100111111912
00000001000000011000001000000000000913
00000000000000100000000000000000000914
01111000001000000010000001000001001915
01110001000100100010011010001111100916
00000000000100011111110001000000000917
01111110001000000100000010001110000918
01110001010100101000010101000011000919
11111000001000000001000001000001000920
00000001000000011000000000000000000921
00000000000000000000000000000000001922
00000000000100010111110101000000000923
01110001000100100010010001100011000924
00000000000000000000000000000000000925
10111110101000100010010001001111000926
01110001010100101010111101000011000927
00000100000000000000000000000000000928
01110001000100100010001010001111111929
01110001010100101010010101000011000930
00110001000100100010011010001111111931
00000001001000111101011000000000010932
01110001000100100010010001001000100933
01110001100000100010001010001111100934
00000000000100011111110001000000001935
01110001010100101010010101000010000936
01110001000100100010001010001111111937
00000000000000000000000001000001000938
11111010001000000110000010001110000939
01110001010100011010010101000011000940
11111000001000000110000001000001000941
01100001010100101010110101000011000942
01000000000000000000000000000000001943
00000000000100011111010000000000000944
00110001000100100010010001000111000945
00000000000000000000000000001000000946
00010000000100011111110001000000000947
11111110001000000100000010001110000948
01110000010100101010010101000011000949
00000000000000100000000000001000000950
01111001000000100000010000001111100951
11111000000100000010000001001111000952
00000000001000111111000010010000001953
00000011001000111101010000000000000954
01111000000100000010000001001011000955
10000001001000111101010000000000000956
10010001010100101010010101000100100957
11111110001000000100000010001110000958
01110101010100101011010101000011000959
01110001000100100010001010001111111960
00000000100100000000000000000000000961
01111001000000010001010000000111100962
01110011000100100010010001000111000963
01111000001000001010000001000001000964
11111110010000001000001010001001100965
10000000000000000000000000100000000966
01111001000010010000010000000111000967
11111110000000000100000110001110000968
00000001001000111101010000000000100969
01110001000100101010010001001000101970
11111110001000001100000010011110000971
00100000000000001000000000000000000972
00000000000100010011110001000000000973
11111110001000000100000010001110000974
01110001010000101010010101000011000975
00011111010000101000010100001111111976
00000000000000000000000100000001000977
01111001000000110000110000000111100978
11111110001000000100000010001110000979
01110001000100110010010001000111000980
00000010000000000000000000000000000981
00000000001000111111000010010000001982
01110001000100100011010011000111000983
01111001000000100001011000001111100984
00001101000001101000110010100111111985
11111110001000000100000010001110000986
00000000000100011111110001000000000987
00000000000100000000000000000000000988
11111110001000000100000010101110010989
11110001010100101010010101000010000990
11111000001000000010000001000001000991
01110001010100101010010101000011000992
00000000000000000000000100000100000993
11111110001100000100000010001110000994
01110101000100100010001010001111100995
00011000110010100000001100000001100996
01110001010101101011010101000011000997
00001000000000000000000000000000000998
00000000000100011111110001000000000999
111111100010000001000000100011100001000
011110010000001100000100000001111001001
100100011101001010100101010001011001002
000000000000000000000000000000000001003
000000000010001111110000100100000011004
011100010001001001100010100011111001005
111111000110000000100000010000010001006
000000000000000000001000000000000001007
110100010101001010100101011001001001008
011100010001001000100100010001110001009
000100000000100000000000000000000001010
111110000001000000100100010011110001011
011110010001001000100100010001110001012
111111111010001000100100000001110001013
000001000000001111111000000000000001014
000111110100001010000101000001111111015
000000000000000000000000000000000001016
011100010001001000100010100011111001017
011000010101001000100010100011111111018
000110001100001000000011000000011001019
011100010001001010100011100011111001020
111110000001000000100000010011110101021
011100010011001000100100010010001001022
010100010101000010100101010000110001023
011100010001001001100010000011111111024
000000000000001000000000000000000001025
000000000010000000000000000000000001026
100000010000011111111100000100000001027
000000000001000111111100010000000001028
000000000001000001000000000000000001029
000000010010001111010101000000000001030
100100010101001010100101010001001001031
000000000000000000000000000010000001032
111110010010000010100000010000010001033
011100010001001000110010100011111001034
000000000001000111111100010000000001035
111111100110000001000000101011100001036
011100010101001010000001010000110001037
111110000001000000100000010000010001038
000000001000000000000000000000000001039
000000000010001111110000100100000011040
011100010001001000100100010001110001041
111110000010000000100000000000010001042
001000000000000100000000000000000001043
011110010000000000000100000011110001044
100100010101001010100101011001001001045
000000000000000000000000000000000001046
000000000101000111111100010000000001047
011100010001101000100100010001110001048
000000000000000000000000000000000001049
111110101010001000000100010001110001050
011100010101001010100101010000110001051
000000000000000000001001000000000001052
011111100010000001000000100011100101053
011100010101001010100101010000110011054
111110000010000000100000010001010001055
011100010101001010100101010000110001056
010000000000000100000000000000000001057
011100010001001100100110100011111111058
011100010101001010100101010000110001059
011100010001001000100010101010111111060
000100010010001111010100000000000001061
011100010001101001100100010010001001062
011100010001001000100010100011111001063
000000000001000111111100000000000001064
011100011101001010100101010000110001065
011100010000001000100010100011111111066
000000000000000000000000000100000001067
000000101001000111111100010000000001068
011100010001001000100100010001110001069
000000000000000000000000000000000001070
000000000001000111111100010000000001071
111111100010000001000000100011100001072
011100010101011110100101010000110001073
000000000000000000001000000000000001074
000110010100011010001100101001111111075
111110000010000000100000010001010001076
011100010101001010100101010000110001077
011100010001001000000010100011111001078
000000000001000111111000010000001001079
000000000000000000000000000000000001080
000000000001000111111100010000000001081
011000010000001000100010100011111001082
100100010101001010100101010001001001083
111111100100000010000010100010001001084
000000000000000000000000000000010001085
111010000010000000100000010010010001086
011100010101001010100101010000110001087
111110000001001011000000010011110001088
011100010001001000100010000011111001089
010000010010001111010100000100000001090
111110000001000000100000010011100001091
000000010010001111010100000000000001092
111110000001000000100000010011111001093
000111010100011010011100101001111111094
000100000000000000000000010000000001095
111011101010001000100100010001110001096
011100110101001010100101010000110001097
000000000010011111110001100100000011098
011100010101001000100000010001110001099
111110000010000000100000110001010001100
011100010101001010000101010000110001101
000000000000000000000000000001001001102
011110010000000000100100000011111001103
100100010101001010100100010001000001104
100000000000000000000100000000000001105
000110000011000001000000100000010001106
000100000010000001000000100000010001107
000000000000000000000000000000000001108
010000000001100111111100010000000001109
111111100010000001000000100010100001110
011100010001001000100010100011111001111
000000000001000111111100010000100001112
000000000000000000000000000000000001113
000000100010001111110000100100000011114
111110000010000000100000010000010001115
011100010001001000100100010001110001116
111110000001001011000000010011110001117
001001000000000000000000000000000001118
000000000001000111111100010000000011119
111111100010000001000001100011100001120
001100010101001010100001010000110001121
100100010101101010100101010001001001122
011100010101001010100101100000110001123
000000000000000000000000000000000101124
111111100010000011000000100011100001125
011100010001001000100100010001110001126
111110000001000000101000010011110001127
011100010001001000100101010001110001128
111110000010000001100000010000010001129
011100010101001010100101010000110001130
011000010001001000100010110011111111131
000000000000000000000000000000000001132
010100010001001000100010100011111111133
011100010101001010100101010000100001134
011110010001001000100010000011111001135
011100010001001000110010100001111111136
000000000000000010000000000000000101137
011110010000000100000100000000111001138
011100011101001010100101010000111001139
000000000000000000000000000000000001140
100000000001000111101100010000000001141
111100010001001000000010100011111001142
111111100100000010000010100010001101143
011100111101001010100101010000110001144
000000000000000000000000010000000001145
000000010110001111010100000000000011146
111110000001100000100000010011110001147
011100010001001000100100000010001001148
111110000000000000100010010000010001149
011100010101001010100101110000110001150
011100010001001000100010100011111001151
100100010101001010100101010001001001152
011100010101001011101101010000110001153
011100010001001000100010100011110111154
000000000000010000000000000000000001155
011100010000001000101010100011111111156
011100010101001010100101010000110001157
000110001100001000000011000001011001158
011100010001001000100100010000010001159
000000000101000111111100010100000001160
000000010010101111010100000000000001161
011100010001001000100100010001110001162
011110000001001000100000010011110001163
000000000000000010000000000001000001164
000000000001000111111100010000000001165
011100000001001000100100010001110001166
000000000000000000000000000000000001167
000000000001000111111100010000000001168
111111100010000001010000100011100101169
011100010001001000100010100011111001170
000000000001000111110100000000000001171
000000000000000000000000000000000001172
011100010001001000100100010010001001173
011100010001001000100010100011111001174
011110111000001000000100000011111001175
100100010101001010100101010001001001176
011100010101001010100101010000110001177
000000000000000000000000000000000001178
000000000010101111110000100100000011179
011100010001001000100100010001110001180
111110000010000000000010010000010001181
000000001000000000100000000000000001182
011110011000100100000100000001111001183
111011101010000001000000100011100001184
000000010010001111010100000000000001185
011100010001011000100110010010001001186
111111100010000001000000100011100001187
000000000001000000000000000000001001188
000000000001000111111100010000001001189
111111100010000001000000100011100101190
011100010101001010100101010000110001191
000111110100001010000101000001111101192
000000000000000000001000000000000001193
000111000100011000001100101001111111194
011100110001001000100010100011111001195
010110001100001000000011000000011101196
011100010101001010100101010000110001197
000000000000000000000000000010000001198
000000000101000111111100110000000001199
111111100010000101000100100011100001200
011100010101001010100111010000110001201
000000000100000000000000000000000001202
001000100000001111111000000000000001203
011100010001001000100000100011111001204
100100011101001010100101010001001001205
000000000001000111111100010000000001206
000000000000000000000000000000010001207
000000000010001111110000100100000011208
111110010000001000000100000011111001209
000000000000001111111000001000000001210
000000000010001111111000000000000001211
000000000000000000000000100001000001212
111110000001001111000000010011110001213
010100011101001010100101010000110001214
011100010001001000100010100011111001215
100100010101001010100101010011001001216
011110010000001000010100000011011001217
111110000010000000100000010000010001218
011100010101001010100101010000110001219
000000000000000000000000000000000001220
011100010001001000100100010001110001221
000000001010001111110000100100001011222
000010000000000000000000000000000001223
011100010011001100100010100011111111224
011100010101001010100101010000110001225
000110001100001010000011001000011001226
011100010001001000100100010001010011227
000000000001000111111100010000000001228
000000010010001111010100000000000001229
011100010001001000000110010001110001230
111110000001000000101000010011110001231
000000000000001000000000000100000001232
000100000010000001000000100000010001233
000100000010000001000000100000010101234
000000000000000000000000000000010001235
000000000001000111111100010000000001236
111011100010000001000000100011100001237
011100010001001000100010100011111001238
000010100001000111111100010000000001239
000000010000000000000000000000001001240
011110010000000100000100000001111001241
011100010101001010100101110000110001242
000000000000000000000010010000000001243
111101100010000001000010100011100001244
111100010101001010100100010000110001245
110110000010000000100000010000010001246
011100010101001010100101010000110001247
000010000000000000000000000000001001248
111101100010000001000000100010100001249
000000010010001111010100000000000001250
000111010100011010001100101001110111251
111111100010010001000000100010100001252
000000000000001111111000000000000001253
000111110100001000000101000001111111254
000000000000000000000000000000100001255
111110000010000000100000010000010001256
011100010101001010100101010000110001257
100100111101001010100101010001001001258
011100010001001000100100010001110001259
000000000000001111111000000000000001260
000110001100001000000011000000011001261
011110010101001010100101010000110001262
000000000000000000000100000000000001263
000000000001001111111100010000000001264
111111100011000001000000100011100001265
011100010001101010100010100011111001266
000000000001000101111100010000000101267
000000000000000000000000000001000001268
000000000001000111111100010000000001269
111111100010000001100000000011100001270
011100010101001010100101010000110001271
100100010101001010100101010001001001272
011100010101001010100101000000110001273
000000000000000000000000100000000001274
011100010001001000100010100010111111275
011100010101011010100101010000110001276
011100010001001000100010100011111001277
011100010001001000100010100010111111278
000000000000000000000000001000000001279
000100010101001010100101010001001001280
111111100010000001000000100001100001281
010100010001001000100010100011110001282
000000100000001111111000000000010001283
000000000000101011111000000000000001284
000000010000000000000000000000000001285
111110000001000000100000010001110001286
011100010001001000000100010001110001287
000010000001000111111100010000000101288
000000000000000000000000000000110001289
111111100010010000000000100011100001290
011100010001001000100010101011111011291
100110001100001000000011000000011001292
011100010001001010100101010000110001293
000000000000000000000101000000000001294
011100010001001000100010100011111111295
010100010010001111010100000000000001296
011100010101001010100110010000110001297
011100010001001000100010100011111111298
000000000000000000100000000000000001299
000100010011001111010100000000000001300
111110000001000000100000010011110001301
000000000000000000100000000000010001302
000110001101001000000011000000011011303
011100010001001000100010100011111001304
000000010010001111010100000000000001305
111110000001000000001000010011110001306
000000000000000000000000000000000001307
000100000010000011000000100000011001308
000100000010100001000000100000011001309
000000000000000000000000000000000001310
000000000001000111111100010000010001311
111111110010000001000000100011100001312
011100010001001000100010100011111001313
000000000001000111111100010000000001314
000000000010000000010000000000000001315
000000100001000110111100010000000001316
111111100010000001000000100011100001317
000000010010001111010101000000000001318
100100010101001011100111010001001001319
000000000000000000000001010000000001320
111110000001000001100000010011111001321
011100010001001000100010100011111001322
000001000001000111111100010000000001323
000000010010001111010100000000000001324
001100010001001000100100010001110001325
111110000001000000000000010011110001326
000000010010000110000000000000001001327
000000000000000010000000000000000001328
011110010000001000000100000011111001329
111110000001000000000000010011110001330
011100010001001001100010100011111111331
011100010101001010100101010000110001332
111110000010000000100000010000010101333
000000000000000000000010000000001001334
011111010000011000001101000101100101335
011100010001001100100000010001110001336
011100010001001000100010100011111111337
000000010000000100000000000000001001338
000000000000000000000000000000000001339
100100010101001010100101010001001001340
111111100010000001000000100011100001341
011100010001001000100010100011111001342
000000000000001111111000100000000001343
000000000000001111111000000000010001344
010000000000000000000000000000010001345
111111100010000001000000100011100001346
111110010001001000100010100011111001347
100110001100001000000011000000011001348
011100010101001010100001010000110001349
000000000000000000000000000000000001350
011100010001001000100010100011111001351
000000001000000000000000000000000001352
111110000001000010100000010011110001353
011100110101000010100101010000110001354
011110010000000100000100000101111001355
000000000000000000000000000000000101356
111111101010001100100000010001110001357
000000010010001111010100000000000001358
111110000010000000100000010000010001359
000000000001000111101100010000000001360
111111100010000001000000100011110001361
000000010000000000000000001000000001362
011100010001001000100100010001110001363
000000010110001111110000100100000011364
000000000000000000000000000000000001365
000000000010101111110000100100000011366
111110000010000000100000010000010001367
011101010101001000100101010000110001368
011100010101001010100101010000110001369
011100010001001000100010100011111111370
011100010001011000100101010001110001371
111110000001001111000000010011110001372
000000000000000000000000000000000001373
010100100010000001000000100000010001374
000100000010000001000010100000010001375
000000000001000000000000000000000001376
011000010001001000100010100111111001377
111110000001000000101000011011110001378
011100010001001000100010100011111111379
000000000000000000000000000000000101380
000000000011000111111100010000000001381
111111100010000001000000100011100001382
011100010001001000100011100111111001383
000000000001000111111100010001000101384
000000000000000010010000000000000001385
000111010100011010001100101001111111386
011100010001001000110100010001110001387
000110001100001000000011000000011001388
011000010101001010100101010001110001389
111110001010000000000000010000010001390
111110000001000000100000010011110001391
111110010011001111000000010011110001392
011100010101001010100101010000110011393
111110000001000000100000011011110001394
000000000001000111111100010000000001395
000000000000010000000000000000000001396
111100010001000000100100010001110001397
000000000010001111110000100100000011398
000000000000000000100000000000000001399
000100010001000111111100010000000001400
111111100010010001000000100011100001401
011100010101001010100101010000110001402
000000000000000000000000000000000001403
111111100010100010001001000100011101404
011100010101001010100101010000110001405
011100010001001000100100010001110001406
111111100010100010001001000100011101407
000000000000001111111000000000000001408
011110010101001010100101010100110001409
000001010000000110000000000000000001410
000000000000000000000000000000000001411
111111101011001000110100010001110001412
000110110100001010000101000000111111413
000100000000000000000000000000000001414
000000000001000111111100010000000001415
111111100010000001000000100011110001416
011101010100001010100101010000110001417
000000000000000000000000000000000001418
111111100010100010001001000100011101419
011100010101001010100101010000110001420
011100010001001000100000010001110001421
111111100010100010001001000100111101422
001000010000001111111000000000000001423
011100010001001010100101110000110001424
000000010000000110100000000010000001425
000000000000000000000000000000000001426
000000000010001111110000100100000011427
011100010001001000100100010001110001428
111110000010000000100000010000010001429
000000000000000000000000000000010001430
000000000001000111111100010000000001431
111111100010000001000000100011100001432
011100010101001010100101010000110001433
000000000100000000000000000000001001434
111111000010100010001001000110011101435
011100010101001010100101010000110001436
011100010001001000100100010101110001437
111111100010100010101001000100011101438
000000000000001111111000000000000001439
011100010101001010100101010000110001440
000000010000000110000000000000000001441
000000000000000000000000000000010001442
100100001101001010100101010001001001443
111111100010000001000000100111100001444
011100010001001000100010100011111001445
000000000000001111111000000000000101446
000000100000001111111000000000000001447
000000010000000000010000000000000001448
111110000001000000100010010011110001449
011000010001001001100100010001110001450
000000000001000111101100010000000001451
000000000000000000000000000000000001452
111101100010100010001011000100011101453
011100010101011010100101010000111001454
111110000010000000100001010000010001455
001000010010011111010100000000000001456
100100010101001010100101010001001001457
011111100010000000000000100011100001458
001000000000000000000000000001000001459
000000000010001111110000100110000011460
110110000010000000100000010000010001461
011100010001001000100100010001100101462
111110000001001111000000010011110001463
000000000000000000000000000000000001464
000000000001000111111100010000000001465
111111100010000001000100100011100001466
011100010101001010100101010000110001467
000000001000000000000000000000100001468
011100010101000010100101010000110001469
011100010001001000000010100011111001470
111110000010000000100000010000010001471
010000000001000111111100010000001001472
111111100010100001000000100011100001473
000000000000001000000000000000000001474
